------------------------------------------------------------------------------
GCC
------------------------------------------------------------------------------
4
1
1
1
4
4
4
2
2
4
4
4
4
4
4
8
8
4
8
8
4
4
4
-------------------------------------------------------------------------------
CLANG
-------------------------------------------------------------------------------
8
1
1
1
8
4
8
2
2
8
4
4
8
8
8
8
8
4
8
16
8
8
8
-------------------------------------------------------------------------------
Intel
-------------------------------------------------------------------------------
-------------------------------------------------------------------------------
MinGW
-------------------------------------------------------------------------------
8
1
1
1
8
2
8
2
2
8
4
4
8
4
4
8
8
4
8
16
8
8
8
-------------------------------------------------------------------------------
Microsoft 64
-------------------------------------------------------------------------------
8
1
1
1
8
2
8
2
2
8
4
4
8
4
4
8
8
4
8
8
8
8
8
--------------------------------------------------------------------------------
Microsoft 32
--------------------------------------------------------------------------------
4
1
1
1
4
2
4
2
2
4
4
4
4
4
4
8
8
4
8
8
4
4
4
--------------------------------------------------------------------------------
Ubuntu gcc
--------------------------------------------------------------------------------
8
1
1
1
8
4
8
2
2
8
4
4
8
8
8
8
8
4
8
16
8
8
8